0.5803327385642343
0.9524488116507792
-0.19324375803047045
-0.585311311901699
0.47410823339323427
-0.00838141221905886
-0.7395402294675149
-0.5812592586024841
0.1079886518535742
0.29353597975677026
0.6330639734626615
0.09916345854395026
0.22901108219735922
0.17633117749782845
0.6322498460173718
-0.5886085605569675
-0.4429019816236761
-0.5017997563225145
0.5886695032911178
0.8167029647343815
0.1367867013251447
-0.5174484071281504
-0.19765155918085564
-0.13905359157007258
0.8183460744251547
-0.7510766782007983
0.35596278567275563
-0.8214743048200239
0.4714081595283819
0.5802406070681625
-0.38124154380975805
0.5194501714573643
-0.22325105160964265
0.7961134547929591
-0.1836388048492712
0.9400979279824717
-0.9994892980072361
0.535022331116384
-0.9366749954396876
0.48174259037175715
-0.5965701387599325
0.8540457422359153
0.29342539469449713
0.9684365747617882
0.5346401395674276
0.1399947800848269
0.8424636660680476
0.14014562198367275
-0.6260042466784275
-0.8688760857469335
-0.4056863387025156
0.8111561997602332
0.36469488581288845
-0.9618517315117225
-0.2889257534523426
0.19991205116940036
-0.049622010200670585
0.12076273438238139
0.7152465862710522
0.21351001520457302
-0.44500895585427913
0.6030456246713916
-0.44319952261274076
0.8380423161059121
0.48441847458406606
0.1688818611291132
0.8495796577745991
0.32099963855470803
-0.14984527652040835
0.9849247760860746
-0.4602378629685093
0.007978992998094014
0.7952804238356455
0.2741666519669721
-0.8864159080279619
0.9160281505050083
0.8787029741247929
-0.5143923307075515
-0.05164597830792883
0.23700605363973004
-0.5963484702718371
0.4440791525000456
0.3708643340651754
0.9451489460903304
0.7438730759644316
0.6413568914667998
-0.22240870412031577
-0.8577893411758244
0.3507901986588535
-0.8318331712338911
-0.9525435112992757
-0.6109480964457601
-0.002605799996568514
-0.8079331353693822
0.32545507889517356
-0.09881234714247955
-0.5364382190167631
-0.1748755746920576
0.15628855923569396
0.16585840266114094
0.5980301376250101
-0.14928013514933203
0.3324497384757912
-0.3788681994626093
-0.05099000136110177
0.036368257437510376
-0.35886624458948857
0.30853582928310574
0.29908777624203364
0.5333215937049536
-0.5377613929009326
0.7170017371340549
0.07012585247820402
-0.27203257051749197
-0.6383951057715862
-0.36432576248722404
0.5408402331437463
-0.7825232395758581
-0.4820716926047257
-0.5313409866270684
-0.18120662364196782
0.31318995932798255
0.4403370001718723
0.8245329351968285
0.6104830087226714
0.1333970859835374
0.2947263763098049
-0.3491397032422334
0.9661483202951628
-0.08853714997511863
-0.9851964136671534
-0.4019869042951103
-0.2020879880776254
0.8482757602917483
-0.9589257289623045
-0.3352697720775055
-0.12457974703987107
0.08530788445477588
-0.3609921678615766
0.11100556104502135
-0.45445503384544006
-0.9341721281725133
0.9031432014834033
0.19141537411592968
-0.8836632844307362
0.5657405190592752
0.25095645722177595
-0.7892099347478172
0.6271502855612514
0.5156310613995836
-0.2798122547440769
0.7528706138110179
-0.853936417620718
0.21741949269749572
-0.6235629466975148
-0.31649733358852283
0.09521801740839031
-0.30614412746234776
0.061155425213885506
-0.6481588933156974
0.990755832309451
-0.0349838550583732
0.8278398666449351
0.07025284096577455
0.14640624869106555
-0.29338424248135153
0.3505441836001797
-0.7010816449494861
-0.9376709458816688
-0.7469311681271755
-0.7046605912464512
0.9588632798769914
-0.5643637729923785
-0.5977117501151785
-0.29768415706659357
-0.8291924113606703
-0.9584499220178921
0.9416226209395668
0.7080681248885756
0.31173628850641255
0.6749840631004922
0.5525923973000471
0.5991201638051691
0.16559921540585032
0.3180532386679318
-0.753419631252225
0.16368695393139032
0.36310463067937926
0.09790225826548649
0.5657230709288903
-0.09908287007035832
0.16737201626308762
-0.3333412009990451
-0.9395901673782483
0.22694994611700792
-0.7579753288952311
-0.657451177142595
0.8730247483146125
0.4985288109027648
-0.021960166372665624
-0.9226722588068816
-0.22412704456443344
0.3490466176411289
-0.781341179132204
-0.4918144284303083
0.8459077580625445
-0.9265458796904906
-0.8026992894592084
-0.7795673135927483
0.5091022535851035
-0.21043313558912402
0.16345463145858874
-0.12114019597744252
0.2340382140886963
0.10247304030398197
0.423018437377471
-0.8880486099059808
0.5587578952423173
0.28133837528838024
0.2155389961838945
0.2551463019130551
0.9185624050149799
0.599911176059102
-0.11976216787869398
-0.952626604666519
-0.8044031846360824
-0.32163527427587746
0.15331472825543702
0.321921876283326
0.2593180999524005
0.9708595387703416
-0.5154584980419263
0.7975560821429184
-0.4916547584558242
0.8961859056980999
-0.5394965376911538
-0.4048441714274107
-0.3128296000187183
-0.9080901664043834
0.037571885375174974
-0.43843905298183605
0.3977659739082591
-0.42247652014856185
0.21178201247844552
-0.9996747519388587
-0.24874042666728058
0.6920027046451862
0.44008761625939563
-0.38253001432712974
-0.6143448003990897
-0.7042646782824704
-0.11787892080810836
-0.7902719209972744
0.5475247360924114
0.40750143393948046
0.20274012272857922
0.5281911124967389
-0.9841513023328381
-0.6190273319052311
-0.03920297651245819
-0.469821385357299
-0.05409827922755417
0.5975577732356305
0.28797363050784175
-0.8976363570537893
0.5291571643151527
-0.23698103599572518
-0.5261535430943907
0.02558750774126861
0.2757970503206324
-0.9935955145863966
0.47619246657826175
0.15221077068978106
-0.7360883550882753
-0.41707234187552245
-0.09091980009782397
0.8804952032792115
-0.9704583741040615
-0.9195694485508517
-0.8799325437540901
-0.582882869029455
0.11644382565134248
0.29447278156829837
-0.18066498364426375
0.42498981292117977
0.8761310067269477
0.792704038160859
0.8845627761457291
-0.9636427100624725
-0.0862650101833724
-0.9401648937814937
-0.5532340020343518
0.19719673964638185
0.8451130883286773
-0.021026008608129088
-0.9815636201799249
0.5505849375522638
-0.7243612216091455
-0.7546783888324224
0.8870954238715612
0.18432203134970115
0.5982003865017664
0.05448435227411985
0.6028673712192649
0.32670934478644553
-0.5386710763453695
-0.7408441089876883
0.528141802668578
0.5833348893276478
-0.816600333272721
-0.9595582795792501
0.28414272531941154
-0.1998677432129652
0.002544435454973515
0.40167962235076593
-0.033261510395541816
-0.5520675280821845
0.4685366155509312
0.0011428641666269002
0.7279647588237228
0.5069170261326692
-0.6378824616465133
0.8536471544249167
-0.06614951932078683
0.3930790600978842
0.6669155610338733
0.3492606729005041
-0.41572261023122636
0.47008293034017723
-0.31824812333254293
0.2808771966072503
0.5863176903558338
-0.49668053947091284
0.36848863604688753
0.3222907583634933
-0.601536811923306
0.9731479998805959
0.36032324811526717
0.11459758146671906
0.09039940263891189
0.48091313544198644
-0.4028925008075488
0.48715259781748976
-0.5112693204872463
-0.8561333567799678
-0.9971948292057775
-0.10612012076541166
0.047353183797304466
0.40835568147032775
-0.9876091437463994
-0.20115551897580897
-0.5116521753914116
0.9683332759084367
-0.08105331754769995
-0.13819311622281738
-0.5026110160301587
0.01735254680238607
0.6902650937588584
0.3460514981968976
0.37919513271995076
0.8083736731583302
0.21091763011833686
0.1269445715034201
0.29862454959237317
0.3393607484757044
-0.5338603085952118
-0.480319497904683
-0.5961353059174668
-0.43670703271817923
-0.4974438635781746
0.8207972057925883
-0.6315105984734635
-0.5008854071675375
-0.9956479542182137
-0.2426595286673907
0.20010267957725203
0.6301995937167175
-0.9918211763713531
0.9376263308957469
-0.003301120536620239
-0.7511385158508568
-0.4506894699203172
-0.9467423825890642
0.5352302443079402
-0.26664539596602466
0.6780468914642452
0.09588939175039224
0.0757198201180731
0.6763578965085875
-0.3967407366394806
0.5666014638080137
0.3822460603032236
-0.7457734383430461
0.5464795487342664
0.013365895115291071
-0.8492317563916563
-0.8897945416434414
-0.42887635399770385
-0.14482353019319194
-0.27795195536351014
-0.03717719890938964
-0.7437349767966279
0.48219049977338435
-0.06157328861583844
0.5276943960933211
0.49905006636040294
-0.376376228628964
0.22292016902965228
-0.8932514940103511
-0.22627349892040538
-0.1573471917536473
0.8412208022801397
-0.7960376975818855
-0.1912476767112452
-0.3713718622658684
-0.7471124851731066
-0.4873501464924166
-0.36004396295109764
-0.9471006318881015
0.22862159965481954
-0.8814750293822509
0.1038939574058173
0.5054256463351114
0.48828983251694047
0.26176299669163994
-0.578957942607101
0.5186962500460559
-0.6582332936104418
0.18269878126706773
0.009039075588327616
0.08106607793118603
0.20036482731864913
-0.3700062615622095
0.5823818576427744
-0.8459289511574775
-0.1868054722323702
0.4966762410989771
-0.11600949667479354
0.9675951473313951
-0.9839523786383508
-0.25373744601399895
-0.2581884361288149
-0.39220491335821484
-0.5059621460048569
-0.30448670812805645
-0.44360742050317437
-0.24293878248454948
-0.970812580066255
-0.9025996515605184
-0.8800191642208537
-0.8827804018882155
-0.5066692296428552
0.8208016658257504
0.011256121574898303
-0.44888293764140097
0.9472651700249579
-0.43367583515512864
0.889914043907255
-0.9607259698634458
0.8548730561075468
0.24201259976744405
0.21489234976971505
-0.6602466600188828
-0.8001123057843365
-0.5077898324084982
0.3776946028547836
-0.9701569993540629
0.5499913138917161
0.31004785606092544
0.8392460653698928
-0.686065321852386
-0.5470155876247522
0.7481692562755335
-0.20270482419839175
-0.6926193967205412
0.38272721925346187
-0.11328416629728166
-0.7620937023438803
-0.6339383514630796
0.14069479540040364
0.4377019212746318
0.620402323544712
0.8374364772946332
0.06269079829255841
0.9971771718115943
-0.13025725231189922
0.1378536369426273
0.1601137917566291
0.8597888022667002
0.8983711964456964
-0.7194671780936945
-0.8580985239485082
-0.38957154501441726
0.9044099577970146
0.8406761989298708
0.016109661392936125
-0.12262730434487357
-0.23635762757130885
0.49325784755308244
0.6335546176678437
0.26706592955194663
0.19475218964263386
0.05787253934368142
0.43203316786493806
0.9574287528380276
-0.0030258018079913906
-0.9893851948947259
-0.8578344788991936
0.19499834969600616
0.5974567766892063
0.4273934742478125
-0.3615292206194889
-0.3154177779344931
-0.44882912089290783
0.10764532297697449
0.8106424658104485
-0.43426832840026086
0.11577702912913845
-0.7895989455966426
0.9486683289681181
0.2534918862084867
-0.9768900893127044
-0.48320200016497394
-0.871869240424376
-0.026490936093487294
-0.20606602369521854
-0.7220026187329946
0.7362316640409781
0.5208903730735648
0.35496311882703213
0.6938896266350509
0.8871254864940987
0.5159974897541919
-0.0034108570391193638
-0.737160255031992
-0.7474785809249387
-0.7781893470481427
0.957987898964616
0.33681431837873954
0.9653717546834386
0.1517910058311167
0.213053318911836
-0.6349808057870452
0.9401519490708399
-0.7129452743959825
0.644104398490688
0.8904438896387836
0.3606784187215233
0.32085336948304644
-0.9062243564831012
0.6909343256495324
-0.48115739392355383
0.849728150820888
-0.9104532188413343
-0.9570193019573023
-0.604141561545505
-0.4354161383005708
0.6001250982448403
0.010927788512399284
-0.8676226617170304
-0.16957710727320885
-0.0389873997735839
-0.13075637945332907
0.22667823381086438
-0.9345614494675281
0.7565213888750717
-0.051443916532983414
-0.3952184993721781
0.026896406809111983
0.8331027421512989
-0.01240424615993252
0.539330678806323
0.5315520311604534
-0.21471785403585675
-0.8218351147553338
0.06433248227407784
-0.032717666804849
0.711906421540285
-0.46598857718753717
-0.3255860489100737
-0.5394610102021158
-0.9748365757150439
-0.6394273540091182
-0.31409555196677497
0.6671215024463233
-0.2786293888388083
0.6916938213542476
0.9465073502203374
0.8786763411446656
-0.24819490117343923
-0.8786271509886803
-0.3318315942140406
-0.5876974001831814
0.6431222007954887
-0.30499323105160037
0.7147212245732149
0.4465597880300112
0.4540268186356866
-0.16687303241174667
0.023634986198715957
0.5531427933008812
-0.39861392045125155
-0.9523616954774863
0.5523957914980993
-0.28704966766822326
0.9852673442627979
-0.09902707901261065
-0.469235392518647
0.556928560478015
0.5983424654813416
-0.40420022667732547
-0.4107726899975035
0.7871652347957367
0.8334852225760108
0.6108678121259994
0.8606547810948317
-0.3477556289884054
0.4374953275179496
0.2805172918594503
-0.5136443551726866
-0.6047989158905025
-0.8445819414483238
-0.18314440359388984
0.5975877966765
-0.8055858955409323
-0.9559682020295024
-0.13920142977737981
-0.8742262926357369
0.693789194603966
-0.8596776105859878
0.5350307016458904
-0.8685457783183572
-0.5105034917723559
-0.18013604954695728
0.5647885427589117
0.7656054687547151
-0.46371736049649237
0.8394724921628942
-0.8200879811002209
-0.4251542450184018
-0.7007231839311598
0.6745105809454748
0.4005626118614387
0.6236809548133184
-0.42086335173764944
-0.0850122842365022
-0.4288891089467888
0.5789208744063059
0.9468401942714384
0.47674500345321014
0.4251787958615685
0.9560581206493313
0.15149854736510338
0.3060336675163635
0.9387845226267051
-0.15404401986567695
-0.053246003672440256
-0.3981616222459454
0.7475584677001945
-0.9173649941291757
0.14929485183337698
-0.8898194182066244
0.04704139256381401
0.36459726790013036
-0.459129992924157
0.7926103252873495
-0.01223153169316471
0.2924982724803862
-0.3342841951018134
-0.13144945680982212
0.4218013960056075
-0.9997275884566381
0.6042322278907608
-0.8021876210322423
-0.8528216488893456
0.2613082341111259
0.6412910086150276
0.7976555541686319
0.8463474950274521
-0.7635620824745961
0.3133597088237392
0.1498525913105666
0.23241124789963208
-0.4514225526632152
-0.16388681373448222
0.8916411317085564
-0.7350683763049426
-0.3581313152852508
-0.6293858532012717
0.009503145441131844
-0.7523697325529854
0.5861341776623652
0.42786434637538107
0.3772064672333004
0.10678231979265185
0.08812094468359133
0.14872296303554977
-0.8311570170908371
0.9010780408580199
0.2788435136876566
0.14275810799809396
0.5110860227211553
-0.4725809627786306
0.6195902994270259
0.21904898680151597
-0.6042675687014647
0.12116634556288886
-0.6801666931075581
-0.23746339462394772
0.021875139118781473
-0.6143143389483916
-0.1504061113343378
-0.5557619343588696
0.40294622927862833
0.557972355612047
0.39626758813345275
0.07024144362517837
0.3404280825047765
0.5389501184815848
-0.1811716181997931
-0.6650692135115222
0.02587238091238464
-0.8881444418288016
0.6072930066751596
-0.6576051218672652
0.10953295066885116
0.696363867392515
-0.14315931688112604
-0.280200630268147
-0.9021933111053948
-0.41509588207941195
-0.012447042008608467
0.8641821136306267
-0.2860352813479887
-0.7457644498731681
0.821880229410711
-0.09457242354487683
0.2931580754014975
0.63570712659586
-0.17239876926449282
-0.24973946651570067
-0.2750306914472853
0.5259914349239163
-0.7362765798740545
0.11590999959527903
0.8437233980553873
0.8974245388133943
0.6977255750416183
0.8996341893491042
0.49021788984698866
0.2742415328534866
0.1457483888586848
-0.16036621242017146
0.3145418123889152
-0.6647915791385299
0.7776193452009166
-0.978931231855549
0.3994293872922068
-0.04625211699338316
0.20684628615687606
-0.21648760830074343
-0.9490313689631795
-0.013303283008151645
0.6797738829128601
0.054314004488583256
0.5611092014505987
0.8704950340306978
-0.9779988727983289
0.5503135485772281
-0.9766514190930065
0.763941665799327
-0.6590472222175858
-0.7831031432567515
-0.17243327553561993
0.40510188926256974
-0.16424716644697912
0.5999867457222672
0.19531559965414935
0.552930622265567
-0.7884604121209202
0.6253150803075405
-0.6266360261195201
-0.8108101184905776
0.04090490671713254
0.513658974109376
0.1717944104047302
-0.3742879398451633
-0.6753266499998112
-0.7624382748630232
0.09678143540335515
0.1765455595077301
-0.6980015844230176
-0.41440357955730356
-0.8542999784355914
-0.1984838329453209
-0.8318708420737926
0.32050960942385487
-0.9608275826731998
0.4377330776199948
0.27507158092573203
-0.0843934837289737
0.7921023880743396
0.39249566448336926
0.5495296222109152
