-0.24407538354359315
0.9524488116507792
-0.19324375803047045
-0.2619023270802099
0.47410823339323427
0.1605939021226932
-0.7395402294675149
-0.5812592586024841
-0.37719494480852234
0.6177127204294732
0.6330639734626615
0.09916345854395026
-0.34772446483633823
0.8161253048727652
-0.8778588040368733
-0.5886085605569675
-0.4429019816236761
-0.8540410886056204
0.7128634685256339
-0.03907611044197257
0.1367867013251447
-0.8044430618659426
-0.19765155918085564
-0.4314136571227507
0.027907268790736017
0.3348740640387926
0.805747621797732
-0.9007337064129446
-0.4074429986356132
0.5802406070681625
-0.38124154380975805
-0.6413035376200671
-0.22325105160964265
-0.23247611034425741
0.6143964229014021
0.9400979279824717
-0.24193236422624254
0.535022331116384
-0.9366749954396876
0.48174259037175715
-0.5965701387599325
0.8540457422359153
0.29342539469449713
0.9684365747617882
-0.043524355095362566
0.1399947800848269
-0.9945039776757032
0.14014562198367275
-0.6260042466784275
-0.8688760857469335
0.3463060090532011
0.8111561997602332
-0.4654810489386012
-0.2522283641089875
-0.2889257534523426
0.19991205116940036
0.008739604411334811
0.15909036604099058
0.7152465862710522
0.21351001520457302
-0.44500895585427913
0.6030456246713916
0.9647104102447241
0.901193399828238
0.48441847458406606
0.1688818611291132
0.11510405919265954
0.32099963855470803
-0.14984527652040835
0.9849247760860746
-0.4602378629685093
0.007978992998094014
-0.2905877950285414
0.2741666519669721
-0.8864159080279619
0.9160281505050083
0.8787029741247929
-0.4210532142642054
-0.05164597830792883
0.23700605363973004
-0.2941667338186553
0.4440791525000456
-0.2733574538771697
0.30194388620648627
0.7438730759644316
0.29608861043940204
-0.22240870412031577
0.2645973753776041
0.09359403942900313
-0.8318331712338911
-0.9525435112992757
-0.6109480964457601
-0.002605799996568514
-0.8079331353693822
-0.5991133683967724
-0.09881234714247955
-0.3328294800049645
-0.7212636223620676
0.15628855923569396
0.16585840266114094
0.08117767081046345
-0.6488058705752962
-0.3949728530473158
-0.3788681994626093
-0.18967329240355135
0.036368257437510376
-0.35886624458948857
0.30853582928310574
0.29908777624203364
0.5333215937049536
-0.5377613929009326
-0.9289011774573266
0.07012585247820402
-0.27203257051749197
-0.7685538920430626
0.44469707150065685
-0.46873752226226206
-0.7825232395758581
-0.7174241237764913
-0.5313409866270684
0.6580778627253225
0.31318995932798255
-0.28556098158041854
0.8245329351968285
-0.40089510412433604
-0.6100375455232148
0.2947263763098049
-0.3491397032422334
0.9661483202951628
-0.6638456602561493
-0.9851964136671534
0.5283699919115012
-0.2020879880776254
0.667730125577114
-0.9589257289623045
0.8918227086547974
-0.12457974703987107
0.06544497387685655
-0.9009331129098908
-0.15738972995830713
0.7833036196095271
-0.9341721281725133
-0.9170687262888508
0.19141537411592968
-0.8836632844307362
0.7999370990659316
-0.37562737780053435
-0.22268410146513418
0.7815489378804363
0.4830707284330982
-0.2798122547440769
0.23186865987951455
0.4368140750589955
-0.3160205150271871
0.13061632866035588
-0.035803505221370324
0.09521801740839031
-0.30614412746234776
-0.33677527652864403
-0.17735007526657132
0.990755832309451
-0.0349838550583732
0.8278398666449351
-0.3019838272298787
-0.6223949103511215
-0.5969343133116876
0.3505441836001797
0.509461354013939
-0.9376709458816688
0.42287182184714434
-0.7046605912464512
0.9588632798769914
-0.5643637729923785
-0.5977117501151785
-0.5186116960263525
-0.8291924113606703
-0.9584499220178921
0.8053815281118906
0.34991592071933386
0.31173628850641255
0.6749840631004922
0.7626096234874364
0.5991201638051691
-0.828821014154338
-0.22098272584634726
-0.753419631252225
0.40655682445474794
-0.5650857561476734
0.09790225826548649
0.5657230709288903
-0.09908287007035832
0.635130399323808
-0.3333412009990451
0.11896159871331813
-0.5612149922002554
-0.7579753288952311
-0.657451177142595
-0.44277553094874134
0.4985288109027648
0.7471633924081644
0.6771766908397467
-0.22412704456443344
-0.36521296570053186
-0.781341179132204
-0.4918144284303083
0.11114709433057679
-0.9265458796904906
-0.8026992894592084
-0.7795673135927483
-0.9002735683155956
-0.21043313558912402
0.2631143642204592
0.7812100241462829
-0.23656107865714415
0.10247304030398197
0.423018437377471
-0.8880486099059808
0.5587578952423173
0.28133837528838024
0.43923848556770295
0.2551463019130551
0.9185624050149799
0.599911176059102
-0.11976216787869398
-0.952626604666519
0.20756709955761554
-0.32163527427587746
-0.06455674766889619
0.321921876283326
0.5492719680633513
0.4771624257939191
-0.5154584980419263
0.7975560821429184
-0.4916547584558242
0.7821050404673331
-0.5394965376911538
-0.4048441714274107
-0.428944084185948
-0.9080901664043834
0.037571885375174974
-0.2622210851989799
0.3977659739082591
-0.42247652014856185
0.19692360950419263
-0.7818918796636887
-0.404688380471097
-0.8995009955024955
0.3202933699002828
-0.38253001432712974
-0.6143448003990897
-0.6207130951731552
-0.25243978274937184
-0.7902719209972744
0.9723741612640757
0.40750143393948046
0.20274012272857922
-0.49938197873221624
-0.9841513023328381
-0.9910001541434785
-0.03920297651245819
-0.8350741984033603
-0.05409827922755417
0.5975577732356305
-0.44541462343566174
0.15579372787982337
-0.40368275366351836
-0.507879984649086
-0.5261535430943907
0.02558750774126861
0.4345836226666602
-0.9935955145863966
-0.5691691607759555
0.0164989448977797
-0.0396708932183607
-0.41707234187552245
-0.09091980009782397
-0.541260345025993
0.9370733084188885
-0.5055751227277185
-0.8561857370084351
-0.582882869029455
0.11644382565134248
0.29447278156829837
-0.09073808022934515
0.865759745110861
0.8761310067269477
0.792704038160859
0.8845627761457291
0.34579138437917867
-0.8705986715264349
-0.3454839552068696
-0.5532340020343518
0.19719673964638185
0.6520281704235094
-0.15630575024465565
-0.9815636201799249
0.2716020700666011
-0.7243612216091455
-0.24444814896348888
0.8870954238715612
0.18432203134970115
0.13184483607627917
0.05448435227411985
0.5270310739359938
0.32670934478644553
-0.44018426944969447
-0.7408441089876883
-0.12797191469464098
0.5894306189723986
-0.816600333272721
0.3983252534049855
0.28414272531941154
-0.1998677432129652
0.002544435454973515
-0.23262431011050544
0.1729080977248305
-0.5520675280821845
0.6153050562464095
-0.48933630939679906
0.12441536995029057
0.5069170261326692
-0.6378824616465133
0.8536471544249167
-0.06614951932078683
0.3930790600978842
0.2660814313486557
-0.49325407159238144
-0.41572261023122636
0.8943274827152621
-0.31824812333254293
0.25096300862686527
0.82173498780997
-0.8683594745702778
0.36848863604688753
0.5952620841644602
-0.601536811923306
0.9731479998805959
0.36032324811526717
-0.07704534300457277
0.08010480753253924
0.48091313544198644
0.7445840237018577
0.48715259781748976
-0.5112693204872463
0.028420424710261516
-0.9971948292057775
-0.10612012076541166
0.047353183797304466
0.40835568147032775
0.7894087634883225
-0.20115551897580897
-0.5116521753914116
0.9683332759084367
-0.08105331754769995
-0.13819311622281738
-0.5026110160301587
-0.8405133357398458
0.6902650937588584
0.3460514981968976
0.37919513271995076
-0.6699349048014331
0.21091763011833686
-0.2950667189536469
0.7814977239166749
0.3393607484757044
-0.5338603085952118
-0.480319497904683
-0.6107665772434516
-0.43670703271817923
-0.4974438635781746
0.8207972057925883
-0.6315105984734635
-0.533754608440659
-0.5636873706711469
-0.2426595286673907
-0.8484001632756981
0.3424318249438023
0.13438066146228
0.9376263308957469
-0.003301120536620239
-0.7511385158508568
-0.4506894699203172
0.23012555968980863
0.5352302443079402
-0.26664539596602466
-0.6507852456180858
0.09588939175039224
-0.8566218634226574
0.08238859188122238
-0.7082560137126126
0.34615459462242915
0.3822460603032236
-0.7457734383430461
0.4280421062907993
0.013365895115291071
-0.5180925955711451
-0.022525362854727726
-0.42887635399770385
-0.14482353019319194
-0.27795195536351014
-0.03717719890938964
-0.7437349767966279
-0.948201361595375
-0.06157328861583844
0.5276943960933211
-0.0461539603271961
-0.376376228628964
0.22292016902965228
-0.22467819346164042
0.9536630904514709
-0.1573471917536473
0.7952196375196048
-0.30494459022425713
-0.9388663160582928
-0.81205144036934
0.732475006812384
-0.4873501464924166
-0.36004396295109764
0.7480119924230895
0.22862159965481954
-0.8814750293822509
0.1038939574058173
0.5054256463351114
-0.27302083000866406
0.26176299669163994
0.11417102260567535
-0.9300833679700256
-0.6582332936104418
0.18269878126706773
0.009039075588327616
0.08106607793118603
0.20036482731864913
-0.3700062615622095
0.5823818576427744
-0.8459289511574775
-0.1868054722323702
0.4966762410989771
-0.11600949667479354
0.9675951473313951
-0.9839523786383508
-0.25373744601399895
0.5870930054831829
-0.39220491335821484
-0.5059621460048569
0.11763430465083147
0.8203284967331077
0.9415020352986989
-0.9361157861851928
-0.9025996515605184
-0.8800191642208537
-0.16355968642021623
0.6187129020192614
0.8330943125499406
-0.3088989861045752
-0.44888293764140097
0.9472651700249579
-0.43367583515512864
0.889914043907255
0.7494380951562145
-0.7180601276958547
0.24201259976744405
0.21489234976971505
-0.6602466600188828
-0.8001123057843365
-0.5077898324084982
0.8482981814513149
-0.9701569993540629
0.5499913138917161
-0.026519571195689373
0.8392460653698928
-0.677330838677354
-0.5470155876247522
-0.3000147183674837
0.6655517808633082
-0.029288588043380637
0.38272721925346187
-0.11328416629728166
-0.7620937023438803
-0.79973988475041
0.14069479540040364
0.4377019212746318
0.620402323544712
0.8374364772946332
0.06269079829255841
0.6985538304455992
-0.13025725231189922
0.1378536369426273
0.9721977167393645
0.27673741625005044
0.8983711964456964
-0.7194671780936945
-0.8580985239485082
-0.22507325076156226
-0.8637014754606009
0.8406761989298708
-0.05393731735140639
-0.12262730434487357
0.28888010667613573
0.49325784755308244
0.23889475789004133
0.26706592955194663
0.65247244561515
0.05787253934368142
0.43203316786493806
0.2254555090878636
0.22448213552675722
-0.9893851948947259
-0.8578344788991936
0.8186207526385425
0.5974567766892063
0.4273934742478125
-0.27130360422506206
0.9209987094654166
-0.44882912089290783
0.10764532297697449
0.8106424658104485
-0.43426832840026086
-0.17847861707711665
-0.7895989455966426
0.9486683289681181
0.43231044253854667
-0.7808875654026612
-0.48320200016497394
-0.871869240424376
-0.9733075902293331
-0.2157086832205808
-0.8207251289374351
0.7362316640409781
0.4262958811160322
-0.9987191975253764
0.6938896266350509
0.046644837342469714
0.5159974897541919
-0.1733733619752511
-0.737160255031992
0.427501506121829
-0.0195814525173148
0.957987898964616
-0.3906053251092094
0.9653717546834386
-0.8650781462315353
0.213053318911836
-0.6349808057870452
-0.3420569733803207
-0.7129452743959825
0.9936955339678153
0.43470917686905075
0.3606784187215233
0.32085336948304644
-0.9062243564831012
0.6909343256495324
0.7836493536344444
0.849728150820888
-0.9104532188413343
-0.9570193019573023
-0.8913640746861591
-0.4354161383005708
0.6001250982448403
0.010927788512399284
0.6577008311107866
-0.16957710727320885
0.2532040099072457
-0.13075637945332907
0.22667823381086438
-0.057357726655322905
0.5788647336938204
-0.051443916532983414
-0.3952184993721781
-0.09303710336371984
0.8331027421512989
-0.01240424615993252
0.539330678806323
0.13421809210547653
-0.9568386682711445
-0.8218351147553338
0.9031323388296193
-0.032717666804849
0.711906421540285
-0.46598857718753717
0.5717974763438471
-0.5394610102021158
-0.9748365757150439
-0.6394273540091182
-0.31409555196677497
0.4537343043563171
0.7752062264324995
0.3608286710629858
-0.6340305386022367
-0.07894832499815019
-0.30382413240169326
-0.43873191166152803
-0.2823770014725684
0.8347630100449215
-0.23628718068492383
-0.30499323105160037
0.7147212245732149
0.4465597880300112
-0.6091924683266396
0.7813819369899544
0.6500654236457699
0.5531427933008812
-0.9843216737326645
-0.9523616954774863
0.6945839566949059
-0.28704966766822326
0.9852673442627979
-0.09902707901261065
-0.3367821785304774
0.23452121264368797
0.9562524540625257
-0.40420022667732547
-0.875205440368481
-0.969786030929906
0.8334852225760108
0.6108678121259994
-0.06393550741152665
0.45122467872505156
0.4374953275179496
-0.8660186451456193
-0.16781676183161354
-0.6047989158905025
-0.8445819414483238
-0.22476192816872076
0.177406068944421
-0.8055858955409323
-0.9559682020295024
-0.13920142977737981
0.7766279432489605
0.21950358422112481
-0.8596776105859878
0.5350307016458904
-0.02273616805344747
-0.5105034917723559
0.9228007223704122
0.5504030621911211
0.8649489243745339
-0.46371736049649237
0.8394724921628942
-0.8200879811002209
-0.4251542450184018
-0.12185971964167441
-0.34017633306073813
-0.457546054923621
0.6236809548133184
-0.42086335173764944
0.7314864064810391
-0.4288891089467888
0.5789208744063059
0.012321259686931985
0.47674500345321014
-0.7905580994387464
0.6112220516713551
0.15149854736510338
0.3060336675163635
0.9387845226267051
-0.15404401986567695
-0.053246003672440256
-0.3981616222459454
0.7475584677001945
-0.31461813423468676
0.5563199113038191
-0.8898194182066244
0.04704139256381401
0.36459726790013036
-0.016842808874034665
0.7926103252873495
-0.01223153169316471
-0.43062105334788314
-0.3342841951018134
-0.13144945680982212
0.4218013960056075
-0.9997275884566381
0.3861950539695631
-0.02289349594613821
-0.025820422439989832
0.5145891362462442
0.6412910086150276
0.7976555541686319
0.8463474950274521
-0.8750614620158996
0.3133597088237392
0.1498525913105666
0.23241124789963208
0.011407156464843027
-0.7435929424530128
0.8916411317085564
-0.7350683763049426
-0.047370624560752805
-0.6293858532012717
-0.08575969982944742
-0.7523697325529854
0.21875403899019297
0.21399485036873367
0.3772064672333004
0.10678231979265185
-0.028262790378049463
0.14872296303554977
0.09133582635654602
0.9010780408580199
0.9538965226723888
0.14275810799809396
0.612135997500608
0.7732405203556572
0.4871212668293887
-0.6876466918705217
-0.607655446829019
0.37376218684335694
-0.6801666931075581
-0.23746339462394772
0.021875139118781473
-0.6143143389483916
-0.1504061113343378
-0.5557619343588696
0.40294622927862833
-0.89809703974014
-0.7730374611307993
0.07024144362517837
-0.8172415504692461
-0.5735217596864299
-0.1811716181997931
-0.6650692135115222
-0.2780126458850243
-0.7947892469767086
-0.820261730395224
-0.6576051218672652
0.10953295066885116
0.7302561501616669
0.06343964362451371
-0.3510815909861258
0.5476357296173395
-0.41509588207941195
0.7688407828375388
0.05318240931191287
-0.2860352813479887
0.11890366432117117
0.821880229410711
-0.09457242354487683
0.2931580754014975
0.63570712659586
0.08543554248848162
-0.24973946651570067
-0.2750306914472853
0.5259914349239163
-0.47002630333458484
0.11590999959527903
0.8437233980553873
-0.16086791413810775
0.6977255750416183
0.8996341893491042
0.49021788984698866
0.2742415328534866
0.1457483888586848
-0.16036621242017146
-0.8913173878704219
0.3117601175829665
0.7776193452009166
-0.978931231855549
0.3994293872922068
-0.04625211699338316
0.20684628615687606
-0.21648760830074343
-0.9490313689631795
0.9505289915124349
0.8187704138347365
0.602815947389014
0.5611092014505987
0.8704950340306978
-0.9779988727983289
0.6189247718049722
-0.9766514190930065
0.9790661366322966
-0.6590472222175858
-0.7831031432567515
-0.17243327553561993
-0.21403103795262468
-0.16424716644697912
0.5999867457222672
0.22663532893071925
0.552930622265567
-0.7884604121209202
0.2887229140634575
-0.8231552384708463
-0.5148722441925391
0.024897047041740894
0.513658974109376
0.1717944104047302
0.4013183108902034
-0.6753266499998112
0.9722734501119581
0.09678143540335515
0.5322221349795939
-0.29049550932500545
-0.41440357955730356
-0.8542999784355914
-0.46108076580230595
0.7267057822950094
0.32050960942385487
-0.9608275826731998
0.4377330776199948
0.27507158092573203
-0.5491588219960215
0.7921023880743396
0.39249566448336926
0.9336938482595012